Num of Spin	Left Credit	lines	bet	Total Bet	Denom	Total Amount	Total Hit	TotalCoinIn	TotalCoinOut	Hit Rate	Payback	HandPokers	BaseTotalHit	BaseTotalWin	Gold Trigger Hit	Free Game Hit	Instant Prize Hit	R or B Hit	Free Game Win	Instant Prize Win	R or B Win	Fs Total Hit	Fs Total Times	Fs Total Win	Bonus Total Hit	Bonus Total Win	Instant Cash Total Win	Instant Cash1 Hit	Instant Cash2 Hit	Instant Cash3 Hit	Instant Cash4 Hit	Instant Cash5 Hit	Instant Cash1 Win	Instant Cash2 Win	Instant Cash3 Win	Instant Cash4 Win	Instant Cash5 Win	Fs Index1 Hit	Fs Index2 Hit	Fs Index3 Hit	Fs Index1 Times	Fs Index2 Times	Fs Index3 Times	Fs Index1 Win	Fs Index2 Win	Fs Index3 Win	Bonus R OR B Round1 Hit	Bonus R OR B Round2 Hit	Bonus R OR B Round3 Hit	Bonus R OR B Round4 Hit	Bonus R OR B Round5 Hit	Bonus R OR B Round6 Hit	Bonus R OR B Round1 Win	Bonus R OR B Round2 Win	Bonus R OR B Round3 Win	Bonus R OR B Round4 Win	Bonus R OR B Round5 Win	Bonus R OR B Round6 Win	Nothing Hit	Royal flush Hit	Straight flush Hit	Four of a kind Hit	Full house Hit	Flush Hit	Straight Hit	Three of a kind Hit	Two pair Hit	Jacks or Better Hit	Nothing Win	Royal flush Win	Straight flush Win	Four of a kind Win	Full house Win	Flush Win	Straight Win	Three of a kind Win	Two pair Win	Jacks or Better Win	FsMul Index1 Hit	FsMul Index2 Hit	FsMul Index3 Hit	FsMul Index4 Hit	
10000	99999536440	25	8	200	1	200	2898	2000000	1536440	0.2898	0.76822	[9,6,22,45,42]	2898	1105920	171	9	121	41	45520	294000	91000	9	55	45520	41	182000	294000	76	26	12	6	1	76000	78000	60000	60000	20000	7	2	0	35	20	0	24320	21200	0	21	8	8	2	2	0	21000	16000	24000	10000	20000	0	7220	0	2	26	98	107	120	758	1293	376	0	0	20000	104000	196000	107000	72000	303200	258600	45120	0	0	0	0	
20000	99999006240	25	8	200	1	0	5830	4000000	3006240	0.2915	0.75156	[48,34,32,11,6]	5830	2217680	348	17	250	81	79560	537000	172000	17	110	79560	81	344000	537000	169	51	19	10	1	169000	153000	95000	100000	20000	12	5	0	60	50	0	41440	38120	0	45	15	14	3	4	0	45000	30000	42000	15000	40000	0	14417	0	2	48	225	207	217	1518	2592	774	0	0	20000	192000	450000	207000	130200	607200	518400	92880	0	0	0	0	
30000	99998486400	25	8	200	1	0	8717	6000000	4486400	0.29056666666666664	0.7477333333333334	[8,42,40,41,17]	8717	3342160	508	27	365	116	127240	795000	222000	27	175	127240	116	444000	795000	247	71	29	17	1	247000	213000	145000	170000	20000	19	8	0	95	80	0	68080	59160	0	65	30	14	3	4	0	65000	60000	42000	15000	40000	0	21645	0	2	73	353	314	325	2243	3907	1138	0	0	20000	292000	706000	314000	195000	897200	781400	136560	0	0	0	0	
40000	99997930480	25	8	200	1	0	11615	8000000	5930480	0.290375	0.74131	[20,44,0,48,21]	11615	4462720	655	32	464	159	147760	990000	330000	32	205	147760	159	660000	990000	319	87	38	18	2	319000	261000	190000	180000	40000	23	9	0	115	90	0	83080	64680	0	85	41	21	6	5	1	85000	82000	63000	30000	50000	20000	28856	0	2	99	465	434	438	2994	5211	1501	0	0	20000	396000	930000	434000	262800	1197600	1042200	180120	0	0	0	0	
50000	99997450560	25	8	200	1	0	14512	10000000	7450560	0.29024	0.745056	[43,50,13,49,40]	14512	5605800	817	40	589	188	182760	1243000	419000	40	260	182760	188	838000	1243000	408	105	52	22	2	408000	315000	260000	220000	40000	29	10	1	145	100	15	101080	71680	10000	105	42	25	7	6	3	105000	84000	75000	35000	60000	60000	36084	1	2	116	581	548	509	3729	6540	1890	0	80000	20000	464000	1162000	548000	305400	1491600	1308000	226800	0	0	0	0	
60000	99996925840	25	8	200	1	0	17431	12000000	8925840	0.29051666666666665	0.74382	[26,46,1,30,49]	17431	6712080	983	44	719	220	195760	1509000	509000	44	280	195760	220	1018000	1509000	502	124	65	25	3	502000	372000	325000	250000	60000	33	10	1	165	100	15	114080	71680	10000	115	53	31	11	6	4	115000	106000	93000	55000	60000	80000	43283	1	2	135	709	653	619	4460	7864	2274	0	80000	20000	540000	1418000	653000	371400	1784000	1572800	272880	0	0	0	0	
70000	99996473200	25	8	200	1	0	20369	14000000	10473200	0.2909857142857143	0.7480857142857142	[25,29,9,38,7]	20369	7805120	1151	52	841	258	229080	1769000	670000	52	325	229080	258	1340000	1769000	588	147	72	30	4	588000	441000	360000	300000	80000	40	11	1	200	110	15	141000	78080	10000	131	58	41	12	8	8	131000	116000	123000	60000	80000	160000	50468	1	2	161	812	748	734	5234	9179	2661	0	80000	20000	644000	1624000	748000	440400	2093600	1835800	319320	0	0	0	0	
80000	99996011680	25	8	200	1	0	23202	16000000	12011680	0.290025	0.75073	[2,21,28,42,50]	23202	8919760	1329	59	964	306	256920	2035000	800000	59	370	256920	306	1600000	2035000	678	164	81	36	5	678000	492000	405000	360000	100000	45	13	1	225	130	15	155520	91400	10000	159	68	45	14	10	10	159000	136000	135000	70000	100000	200000	57772	1	5	189	923	846	844	5964	10438	3018	0	80000	50000	756000	1846000	846000	506400	2385600	2087600	362160	0	0	0	0	
90000	99995497480	25	8	200	1	0	26070	18000000	13497480	0.2896666666666667	0.74986	[45,26,17,46,33]	26070	10011720	1494	66	1075	353	306760	2264000	915000	66	430	306760	353	1830000	2264000	756	186	88	39	6	756000	558000	440000	390000	120000	48	16	2	240	160	30	168640	118400	19720	183	78	52	18	11	11	183000	156000	156000	90000	110000	220000	65027	1	5	215	1029	948	958	6742	11689	3386	0	80000	50000	860000	2058000	948000	574800	2696800	2337800	406320	0	0	0	0	
100000	99994890680	25	8	200	1	120	28939	20000000	14890680	0.28939	0.744534	[13,7,0,40,8]	28939	11039000	1658	74	1180	404	349680	2481000	1021000	74	485	349680	404	2042000	2481000	825	212	96	40	7	825000	636000	480000	400000	140000	53	19	2	265	190	30	191240	138720	19720	214	91	55	20	12	12	214000	182000	165000	100000	120000	240000	72280	1	5	235	1121	1060	1051	7463	12964	3820	0	80000	50000	940000	2242000	1060000	630600	2985200	2592800	458400	0	0	0	0	
110000	99994445840	25	8	200	1	0	31886	22000000	16445840	0.2898727272727273	0.7475381818181818	[51,15,45,29,13]	31886	12187320	1830	82	1297	451	384520	2700000	1174000	82	535	384520	451	2348000	2700000	909	232	107	42	7	909000	696000	535000	420000	140000	59	21	2	295	210	30	214240	150560	19720	237	101	60	25	13	15	237000	202000	180000	125000	130000	300000	79460	1	8	256	1239	1170	1173	8245	14247	4201	0	80000	80000	1024000	2478000	1170000	703800	3298000	2849400	504120	0	0	0	0	
120000	99994061480	25	8	200	1	0	34792	24000000	18061480	0.2899333333333333	0.7525616666666667	[7,1,31,9,23]	34792	13303040	2001	92	1418	491	498440	2959000	1301000	92	595	498440	491	2602000	2959000	997	249	117	47	8	997000	747000	585000	470000	160000	67	23	2	335	230	30	236160	242560	19720	255	107	69	29	14	17	255000	214000	207000	145000	140000	340000	86672	1	8	286	1349	1271	1282	9008	15536	4587	0	80000	80000	1144000	2698000	1271000	769200	3603200	3107200	550440	0	0	0	0	
130000	99993544680	25	8	200	1	0	37657	26000000	19544680	0.2896692307692308	0.7517184615384616	[23,10,14,3,9]	37657	14377920	2177	102	1539	536	538760	3227000	1401000	102	660	538760	536	2802000	3227000	1080	274	125	50	10	1080000	822000	625000	500000	200000	74	26	2	370	260	30	248960	270080	19720	278	119	75	32	14	18	278000	238000	225000	160000	140000	360000	93942	1	10	301	1463	1373	1386	9775	16793	4956	0	80000	100000	1204000	2926000	1373000	831600	3910000	3358600	594720	0	0	0	0	
140000	99993056920	25	8	200	1	0	40553	28000000	21056920	0.2896642857142857	0.7520328571428572	[46,36,34,3,48]	40553	15458960	2341	107	1653	581	564960	3472000	1561000	107	700	564960	581	3122000	3472000	1154	301	133	55	10	1154000	903000	665000	550000	200000	76	29	2	380	290	30	252760	292480	19720	293	133	84	34	16	21	293000	266000	252000	170000	160000	420000	101166	1	10	315	1580	1492	1493	10548	18057	5338	0	80000	100000	1260000	3160000	1492000	895800	4219200	3611400	640560	0	0	0	0	
150000	99992594880	25	8	200	1	400	43458	30000000	22594880	0.28972	0.7531626666666666	[17,31,5,39,44]	43458	16562600	2543	117	1805	621	598280	3770000	1664000	117	760	598280	621	3328000	3770000	1265	330	139	60	11	1265000	990000	695000	600000	220000	84	31	2	420	310	30	281280	297280	19720	315	143	86	37	18	22	315000	286000	258000	185000	180000	440000	108404	1	11	347	1690	1579	1600	11246	19407	5715	0	80000	110000	1388000	3380000	1579000	960000	4498400	3881400	685800	0	0	0	0	
160000	99992124600	25	8	200	1	0	46392	32000000	24124600	0.28995	0.75389375	[24,34,23,10,42]	46392	17641000	2723	123	1935	665	634600	4041000	1808000	123	820	634600	665	3616000	4041000	1359	349	151	64	12	1359000	1047000	755000	640000	240000	86	33	4	430	330	60	287680	308880	38040	335	155	91	40	19	25	335000	310000	273000	200000	190000	500000	115604	1	11	365	1808	1679	1689	12018	20705	6120	0	80000	110000	1460000	3616000	1679000	1013400	4807200	4141000	734400	0	0	0	0	
170000	99991648560	25	8	200	1	0	49212	34000000	25648560	0.28948235294117647	0.7543694117647058	[17,50,14,22,44]	49212	18757640	2886	133	2048	705	679920	4298000	1913000	133	875	679920	705	3826000	4298000	1435	371	160	69	13	1435000	1113000	800000	690000	260000	95	34	4	475	340	60	327400	314480	38040	355	163	94	48	19	26	355000	326000	282000	240000	190000	520000	122905	1	11	395	1933	1787	1798	12708	21965	6497	0	80000	110000	1580000	3866000	1787000	1078800	5083200	4393000	779640	0	0	0	0	
180000	99991093240	25	8	200	1	0	52093	36000000	27093240	0.2894055555555556	0.75259	[5,23,15,0,41]	52093	19848800	3051	139	2164	748	714440	4517000	2013000	139	910	714440	748	4026000	4517000	1522	390	167	71	14	1522000	1170000	835000	710000	280000	100	35	4	500	350	60	350400	326000	38040	371	178	102	50	21	26	371000	356000	306000	250000	210000	520000	130146	1	11	414	2057	1905	1887	13447	23212	6920	0	80000	110000	1656000	4114000	1905000	1132200	5378800	4642400	830400	0	0	0	0	
190000	99990600720	25	8	200	1	0	54990	38000000	28600720	0.28942105263157897	0.7526505263157894	[9,42,8,20,23]	54990	20945960	3221	144	2290	787	733760	4791000	2130000	144	935	733760	787	4260000	4791000	1602	418	181	75	14	1602000	1254000	905000	750000	280000	105	35	4	525	350	60	369720	326000	38040	390	185	110	52	22	28	390000	370000	330000	260000	220000	560000	137383	1	12	434	2172	2008	1999	14217	24486	7288	0	80000	120000	1736000	4344000	2008000	1199400	5686800	4897200	874560	0	0	0	0	
200000	99990081480	25	8	200	1	400	57901	40000000	30081480	0.289505	0.752037	[48,38,35,42,22]	57901	22067280	3381	152	2406	823	770200	5013000	2231000	152	995	770200	823	4462000	5013000	1680	446	189	77	14	1680000	1338000	945000	770000	280000	110	37	5	550	370	75	387760	340200	42240	407	193	116	54	24	29	407000	386000	348000	270000	240000	580000	144580	1	12	451	2310	2121	2094	14972	25775	7684	0	80000	120000	1804000	4620000	2121000	1256400	5988800	5155000	922080	0	0	0	0	
210000	99989528360	25	8	200	1	0	60881	42000000	31528360	0.2899095238095238	0.7506752380952381	[4,1,51,45,8]	60881	23186160	3550	156	2531	863	782200	5245000	2315000	156	1015	782200	863	4630000	5245000	1773	469	195	79	15	1773000	1407000	975000	790000	300000	114	37	5	570	370	75	399760	340200	42240	429	203	120	56	26	29	429000	406000	360000	280000	260000	580000	151720	1	12	473	2433	2224	2203	15719	27112	8103	0	80000	120000	1892000	4866000	2224000	1321800	6287600	5422400	972360	0	0	0	0	
220000	99989003920	25	8	200	1	0	63800	44000000	33003920	0.29	0.7500890909090909	[46,33,45,28,43]	63800	24293880	3712	165	2647	900	810040	5484000	2416000	165	1065	810040	900	4832000	5484000	1857	489	202	83	16	1857000	1467000	1010000	830000	320000	122	38	5	610	380	75	423400	344400	42240	449	211	125	58	26	31	449000	422000	375000	290000	260000	620000	158919	1	13	496	2547	2324	2320	16481	28370	8529	0	80000	130000	1984000	5094000	2324000	1392000	6592400	5674000	1023480	0	0	0	0	
230000	99988528760	25	8	200	1	120	66721	46000000	34528760	0.2900913043478261	0.7506252173913044	[26,2,39,36,18]	66721	25439000	3886	172	2773	941	828760	5744000	2517000	172	1100	828760	941	5034000	5744000	1941	516	213	87	16	1941000	1548000	1065000	870000	320000	129	38	5	645	380	75	442120	344400	42240	471	219	131	61	27	32	471000	438000	393000	305000	270000	640000	166124	1	13	526	2674	2425	2431	17221	29685	8900	0	80000	130000	2104000	5348000	2425000	1458600	6888400	5937000	1068000	0	0	0	0	
240000	99988039680	25	8	200	1	0	69570	48000000	36039680	0.289875	0.7508266666666666	[1,8,3,38,6]	69570	26494320	4064	182	2894	988	871360	6026000	2648000	182	1160	871360	988	5296000	6026000	2024	539	223	89	19	2024000	1617000	1115000	890000	380000	137	40	5	685	400	75	469720	359400	42240	492	234	136	64	28	34	492000	468000	408000	320000	280000	680000	173405	1	14	550	2770	2524	2527	17976	30947	9286	0	80000	140000	2200000	5540000	2524000	1516200	7190400	6189400	1114320	0	0	0	0	
250000	99987653640	25	8	200	1	0	72511	50000000	37653640	0.290044	0.7530728	[35,7,13,50,20]	72511	27612680	4235	194	3004	1037	1008960	6251000	2781000	194	1260	1008960	1037	5562000	6251000	2105	557	229	93	20	2105000	1671000	1145000	930000	400000	143	44	7	715	440	105	484440	462240	62280	514	246	145	68	28	36	514000	492000	435000	340000	280000	720000	180600	1	16	578	2863	2652	2638	18729	32219	9704	0	80000	160000	2312000	5726000	2652000	1582800	7491600	6443800	1164480	0	0	0	0	
260000	99987093520	25	8	200	1	0	75359	52000000	39093520	0.2898423076923077	0.7517984615384615	[21,10,49,40,32]	75359	28707560	4393	200	3130	1063	1023960	6507000	2855000	200	1295	1023960	1063	5710000	6507000	2194	581	238	96	21	2194000	1743000	1190000	960000	420000	148	45	7	740	450	105	495240	466440	62280	529	253	145	69	30	37	529000	506000	435000	345000	300000	740000	187860	1	16	599	2990	2751	2751	19441	33533	10058	0	80000	160000	2396000	5980000	2751000	1650600	7776400	6706600	1206960	0	0	0	0	
270000	99986649720	25	8	200	1	0	78231	54000000	40649720	0.28974444444444447	0.7527725925925925	[46,33,1,41,29]	78231	29791920	4581	212	3268	1101	1077800	6783000	2997000	212	1380	1077800	1101	5994000	6783000	2291	609	247	99	22	2291000	1827000	1235000	990000	440000	155	50	7	775	500	105	521040	494480	62280	540	267	151	72	31	40	540000	534000	453000	360000	310000	800000	195124	1	16	619	3111	2856	2862	20167	34808	10436	0	80000	160000	2476000	6222000	2856000	1717200	8066800	6961600	1252320	0	0	0	0	
280000	99986199640	25	8	200	1	120	81121	56000000	42199640	0.28971785714285714	0.753565	[29,26,0,9,33]	81121	30886760	4763	224	3394	1145	1139880	7060000	3113000	224	1465	1139880	1145	6226000	7060000	2382	631	253	104	24	2382000	1893000	1265000	1040000	480000	163	53	8	815	530	120	561680	507000	71200	560	279	155	78	32	41	560000	558000	465000	390000	320000	820000	202362	1	16	647	3219	2955	2977	20908	36082	10833	0	80000	160000	2588000	6438000	2955000	1786200	8363200	7216400	1299960	0	0	0	0	
290000	99985805000	25	8	200	1	400	84084	58000000	43805000	0.2899448275862069	0.7552586206896552	[31,37,34,24,11]	84084	32076400	4940	233	3523	1184	1182600	7347000	3199000	233	1520	1182600	1184	6398000	7347000	2477	650	260	110	26	2477000	1950000	1300000	1100000	520000	170	55	8	850	550	120	592800	518600	71200	581	286	162	80	34	41	581000	572000	486000	400000	340000	820000	209521	1	20	673	3350	3060	3088	21653	37429	11205	0	80000	200000	2692000	6700000	3060000	1852800	8661200	7485800	1344600	0	0	0	0	
300000	99985339160	25	8	200	1	0	86983	60000000	45339160	0.28994333333333333	0.7556526666666666	[45,51,7,32,36]	86983	33204640	5110	242	3637	1231	1217520	7604000	3313000	242	1570	1217520	1231	6626000	7604000	2556	671	269	113	28	2556000	2013000	1345000	1130000	560000	178	56	8	890	560	120	622200	524120	71200	604	297	170	83	35	42	604000	594000	510000	415000	350000	840000	216750	1	21	700	3480	3152	3172	22422	38680	11622	0	80000	210000	2800000	6960000	3152000	1903200	8968800	7736000	1394640	0	0	0	0	
310000	99984824680	25	8	200	1	0	89948	62000000	46824680	0.2901548387096774	0.7552367741935484	[6,34,27,19,46]	89948	34307240	5282	252	3761	1269	1252440	7860000	3405000	252	1625	1252440	1269	6810000	7860000	2644	692	280	116	29	2644000	2076000	1400000	1160000	580000	187	57	8	935	570	120	651520	529720	71200	621	307	175	87	37	42	621000	614000	525000	435000	370000	840000	223902	1	21	723	3583	3263	3271	23241	39973	12022	0	80000	210000	2892000	7166000	3263000	1962600	9296400	7994600	1442640	0	0	0	0	
320000	99984370080	25	8	200	1	0	92835	64000000	48370080	0.290109375	0.7557825	[6,3,2,28,20]	92835	35480840	5461	259	3888	1314	1285240	8089000	3515000	259	1670	1285240	1314	7030000	8089000	2741	711	287	120	29	2741000	2133000	1435000	1200000	580000	193	57	9	965	570	135	675120	529720	80400	647	316	182	88	37	44	647000	632000	546000	440000	370000	880000	231153	2	21	747	3698	3366	3378	23998	41230	12407	0	160000	210000	2988000	7396000	3366000	2026800	9599200	8246000	1488840	0	0	0	0	
330000	99983884080	25	8	200	1	0	95752	66000000	49884080	0.2901575757575758	0.7558193939393939	[13,23,20,16,29]	95752	36603200	5620	265	4001	1354	1318880	8321000	3641000	265	1710	1318880	1354	7282000	8321000	2823	731	295	121	31	2823000	2193000	1475000	1210000	620000	197	59	9	985	590	135	688040	550440	80400	662	327	190	91	38	46	662000	654000	570000	455000	380000	920000	238345	2	22	771	3812	3476	3497	24754	42511	12810	0	160000	220000	3084000	7624000	3476000	2098200	9901600	8502200	1537200	0	0	0	0	
340000	99983372040	25	8	200	1	200	98667	68000000	51372040	0.2901970588235294	0.7554711764705883	[6,20,46,36,10]	98667	37730840	5786	271	4124	1391	1355200	8537000	3749000	271	1765	1355200	1391	7498000	8537000	2912	755	304	122	31	2912000	2265000	1520000	1220000	620000	199	62	10	995	620	150	692040	573560	89600	683	333	195	93	39	48	683000	666000	585000	465000	390000	960000	245559	2	23	791	3936	3599	3610	25494	43799	13187	0	160000	230000	3164000	7872000	3599000	2166000	10197600	8759800	1582440	0	0	0	0	
350000	99982910800	25	8	200	1	0	101540	70000000	52910800	0.2901142857142857	0.7558685714285714	[24,28,10,30,2]	101540	38924640	5961	279	4257	1425	1389160	8790000	3807000	279	1820	1389160	1425	7614000	8790000	3007	781	312	126	31	3007000	2343000	1560000	1260000	620000	205	63	11	1025	630	165	709400	577360	102400	703	343	196	96	39	48	703000	686000	588000	480000	390000	960000	252809	3	24	818	4051	3705	3715	26229	45094	13552	0	240000	240000	3272000	8102000	3705000	2229000	10491600	9018800	1626240	0	0	0	0	
360000	99982414240	25	8	200	1	0	104434	72000000	54414240	0.29009444444444443	0.7557533333333334	[29,3,51,26,48]	104434	40020640	6121	290	4368	1463	1457600	8993000	3943000	290	1905	1457600	1463	7886000	8993000	3084	803	324	126	31	3084000	2409000	1620000	1260000	620000	210	69	11	1050	690	165	721520	633680	102400	717	353	205	97	40	51	717000	706000	615000	485000	400000	1020000	260024	3	24	841	4164	3809	3816	27004	46383	13932	0	240000	240000	3364000	8328000	3809000	2289600	10801600	9276600	1671840	0	0	0	0	
370000	99981920760	25	8	200	1	0	107341	74000000	55920760	0.2901108108108108	0.755685945945946	[36,3,20,46,12]	107341	41199160	6302	301	4498	1503	1503600	9197000	4021000	301	1985	1503600	1503	8042000	9197000	3186	827	326	128	31	3186000	2481000	1630000	1280000	620000	217	72	12	1085	720	180	744640	646000	112960	738	364	210	99	41	51	738000	728000	630000	495000	410000	1020000	267245	4	24	867	4282	3912	3922	27713	47663	14368	0	320000	240000	3468000	8564000	3912000	2353200	11085200	9532600	1724160	0	0	0	0	
380000	99981392400	25	8	200	1	0	110213	76000000	57392400	0.2900342105263158	0.7551631578947369	[29,15,51,26,43]	110213	42264160	6483	312	4624	1547	1540240	9471000	4117000	312	2055	1540240	1547	8234000	9471000	3270	852	339	131	32	3270000	2556000	1695000	1310000	640000	225	75	12	1125	750	180	763760	663520	112960	763	374	212	104	43	51	763000	748000	636000	520000	430000	1020000	274509	4	24	894	4391	4001	4014	28424	48981	14758	0	320000	240000	3576000	8782000	4001000	2408400	11369600	9796200	1770960	0	0	0	0	
390000	99980794400	25	8	200	1	0	113116	78000000	58794400	0.29004102564102563	0.753774358974359	[24,8,13,35,37]	113116	43369040	6625	319	4725	1581	1575360	9662000	4188000	319	2100	1575360	1581	8376000	9662000	3347	865	346	135	32	3347000	2595000	1730000	1350000	640000	230	77	12	1150	770	180	785480	676920	112960	778	386	216	106	44	51	778000	772000	648000	530000	440000	1020000	281714	4	24	917	4523	4084	4125	29134	50318	15157	0	320000	240000	3668000	9046000	4084000	2475000	11653600	10063600	1818840	0	0	0	0	
400000	99980300640	25	8	200	1	0	116051	80000000	60300640	0.2901275	0.753758	[5,19,50,18,49]	116051	44539960	6780	327	4829	1624	1597680	9833000	4330000	327	2140	1597680	1624	8660000	9833000	3429	883	347	138	32	3429000	2649000	1735000	1380000	640000	238	77	12	1190	770	180	807800	676920	112960	800	394	224	106	46	54	800000	788000	672000	530000	460000	1080000	288887	4	24	946	4657	4191	4252	29885	51591	15563	0	320000	240000	3784000	9314000	4191000	2551200	11954000	10318200	1867560	0	0	0	0	
410000	99979680640	25	8	200	1	0	118944	82000000	61680640	0.2901073170731707	0.7522029268292683	[12,8,34,39,11]	118944	45612040	6927	332	4934	1661	1616600	10059000	4393000	332	2175	1616600	1661	8786000	10059000	3501	901	359	140	33	3501000	2703000	1795000	1400000	660000	241	79	12	1205	790	180	818320	685320	112960	822	400	232	107	46	54	822000	800000	696000	535000	460000	1080000	296098	4	24	968	4759	4293	4356	30662	52879	15957	0	320000	240000	3872000	9518000	4293000	2613600	12264800	10575800	1914840	0	0	0	0	
420000	99979137280	25	8	200	1	200	121800	84000000	63137280	0.29	0.7516342857142857	[45,36,19,41,2]	121800	46696640	7093	345	5034	1714	1677640	10255000	4508000	345	2255	1677640	1714	9016000	10255000	3569	922	368	142	33	3569000	2766000	1840000	1420000	660000	252	80	13	1260	800	195	861560	690920	125160	845	416	242	109	48	54	845000	832000	726000	545000	480000	1080000	303351	4	24	988	4883	4377	4461	31438	54162	16312	0	320000	240000	3952000	9766000	4377000	2676600	12575200	10832400	1957440	0	0	0	0	
430000	99978539800	25	8	200	1	0	124698	86000000	64539800	0.2899953488372093	0.7504627906976744	[49,23,24,29,21]	124698	47753040	7247	353	5145	1749	1715760	10497000	4574000	353	2320	1715760	1749	9148000	10497000	3647	940	378	146	34	3647000	2820000	1890000	1460000	680000	255	85	13	1275	850	195	866160	724440	125160	862	427	246	112	48	54	862000	854000	738000	560000	480000	1080000	310563	4	26	1003	4983	4475	4572	32191	55481	16702	0	320000	260000	4012000	9966000	4475000	2743200	12876400	11096200	2004240	0	0	0	0	
440000	99978118600	25	8	200	1	0	127586	88000000	66118600	0.2899681818181818	0.7513477272727273	[23,17,0,1,2]	127586	48838720	7426	360	5270	1796	1816880	10782000	4681000	360	2360	1816880	1796	9362000	10782000	3726	967	391	152	34	3726000	2901000	1955000	1520000	680000	261	86	13	1305	860	195	882080	809640	125160	884	442	251	116	48	55	884000	884000	753000	580000	480000	1100000	317803	4	26	1023	5099	4590	4650	32973	56746	17086	0	320000	260000	4092000	10198000	4590000	2790000	13189200	11349200	2050320	0	0	0	0	
450000	99977529240	25	8	200	1	0	130475	90000000	67529240	0.28994444444444445	0.7503248888888889	[51,19,21,28,6]	130475	49943520	7586	369	5376	1841	1842720	10964000	4779000	369	2415	1842720	1841	9558000	10964000	3802	989	399	152	34	3802000	2967000	1995000	1520000	680000	268	88	13	1340	880	195	897520	820040	125160	910	453	256	117	49	56	910000	906000	768000	585000	490000	1120000	325030	4	26	1048	5212	4713	4751	33702	58018	17496	0	320000	260000	4192000	10424000	4713000	2850600	13480800	11603600	2099520	0	0	0	0	
460000	99976981840	25	8	200	1	120	133318	92000000	68981840	0.2898217391304348	0.7498026086956522	[18,0,6,26,2]	133318	51040120	7743	372	5494	1877	1854720	11201000	4886000	372	2445	1854720	1877	9772000	11201000	3892	1003	408	156	35	3892000	3009000	2040000	1560000	700000	269	89	14	1345	890	210	900320	825840	128560	929	461	260	119	50	58	929000	922000	780000	595000	500000	1160000	332303	4	28	1075	5323	4813	4836	34434	59298	17886	0	320000	280000	4300000	10646000	4813000	2901600	13773600	11859600	2146320	0	0	0	0	
470000	99976431400	25	8	200	1	0	136186	94000000	70431400	0.2897574468085106	0.7492702127659574	[26,30,45,41,38]	136186	52124080	7904	377	5606	1921	1878320	11454000	4975000	377	2480	1878320	1921	9950000	11454000	3967	1024	421	157	37	3967000	3072000	2105000	1570000	740000	273	89	15	1365	890	225	913520	825840	138960	951	471	269	121	51	58	951000	942000	807000	605000	510000	1160000	339552	4	29	1100	5430	4916	4925	35173	60617	18254	0	320000	290000	4400000	10860000	4916000	2955000	14069200	12123400	2190480	0	0	0	0	
480000	99975926120	25	8	200	1	400	139120	96000000	71926120	0.28983333333333333	0.7492304166666667	[5,21,44,31,4]	139120	53223480	8065	386	5716	1963	1926640	11655000	5121000	386	2525	1926640	1963	10242000	11655000	4044	1047	430	158	37	4044000	3141000	2150000	1580000	740000	282	89	15	1410	890	225	961840	825840	138960	968	481	277	124	52	61	968000	962000	831000	620000	520000	1220000	346733	4	29	1124	5543	5029	5023	35900	61936	18679	0	320000	290000	4496000	11086000	5029000	3013800	14360000	12387200	2241480	0	0	0	0	
490000	99975481240	25	8	200	1	0	142076	98000000	73481240	0.2899510204081633	0.7498085714285714	[51,25,28,0,6]	142076	54327280	8215	397	5823	1995	2053960	11870000	5230000	397	2590	2053960	1995	10460000	11870000	4114	1072	440	160	37	4114000	3216000	2200000	1600000	740000	291	91	15	1455	910	225	991960	923040	138960	985	489	279	126	52	64	985000	978000	837000	630000	520000	1280000	353880	4	29	1142	5660	5132	5131	36693	63275	19054	0	320000	290000	4568000	11320000	5132000	3078600	14677200	12655000	2286480	0	0	0	0	
500000	99974906320	25	8	200	1	0	144890	100000000	74906320	0.28978	0.7490632	[48,33,19,36,30]	144890	55410760	8369	401	5935	2033	2071560	12112000	5312000	401	2625	2071560	2033	10624000	12112000	4188	1098	446	166	37	4188000	3294000	2230000	1660000	740000	293	92	16	1465	920	240	996560	926840	148160	1006	500	282	128	52	65	1006000	1000000	846000	640000	520000	1300000	361177	4	30	1167	5763	5248	5214	37478	64486	19433	0	320000	300000	4668000	11526000	5248000	3128400	14991200	12897200	2331960	0	0	0	0	
510000	99974434320	25	8	200	1	200	147859	102000000	76434320	0.28991960784313725	0.7493560784313725	[25,44,42,16,18]	147859	56560640	8543	410	6062	2071	2115680	12347000	5411000	410	2685	2115680	2071	10822000	12347000	4282	1120	455	167	38	4282000	3360000	2275000	1670000	760000	299	95	16	1495	950	240	1013760	953760	148160	1025	508	285	133	55	65	1025000	1016000	855000	665000	550000	1300000	368326	5	31	1182	5873	5346	5315	38223	65857	19842	0	400000	310000	4728000	11746000	5346000	3189000	15289200	13171400	2381040	0	0	0	0	
520000	99973847440	25	8	200	1	400	150731	104000000	77847440	0.2898673076923077	0.7485330769230769	[1,27,40,15,9]	150731	57679040	8689	418	6170	2101	2155400	12531000	5482000	418	2740	2155400	2101	10964000	12531000	4365	1137	461	169	38	4365000	3411000	2305000	1690000	760000	305	96	17	1525	960	255	1042680	959360	153360	1039	515	291	134	57	65	1039000	1030000	873000	670000	570000	1300000	375548	5	32	1208	5991	5448	5435	38938	67168	20227	0	400000	320000	4832000	11982000	5448000	3261000	15575200	13433600	2427240	0	0	0	0	
530000	99973343520	25	8	200	1	0	153592	106000000	79343520	0.28979622641509434	0.7485237735849056	[22,35,0,49,14]	153592	58791280	8873	427	6298	2148	2192240	12759000	5601000	427	2795	2192240	2148	11202000	12759000	4462	1159	466	173	38	4462000	3477000	2330000	1730000	760000	312	98	17	1560	980	255	1063520	975360	153360	1065	527	294	138	57	67	1065000	1054000	882000	690000	570000	1340000	382821	5	33	1232	6110	5565	5535	39671	68444	20584	0	400000	330000	4928000	12220000	5565000	3321000	15868400	13688800	2470080	0	0	0	0	
540000	99972816840	25	8	200	1	0	156551	108000000	80816840	0.28990925925925926	0.7483040740740741	[22,5,24,30,43]	156551	59896480	9022	432	6405	2185	2212360	12980000	5728000	432	2825	2212360	2185	11456000	12980000	4540	1175	475	176	39	4540000	3525000	2375000	1760000	780000	316	99	17	1580	990	255	1074440	984560	153360	1084	533	301	139	58	70	1084000	1066000	903000	695000	580000	1400000	389977	5	33	1257	6212	5674	5653	40452	69743	20994	0	400000	330000	5028000	12424000	5674000	3391800	16180800	13948600	2519280	0	0	0	0	
550000	99972361960	25	8	200	1	200	159473	110000000	82361960	0.2899509090909091	0.7487450909090909	[25,12,21,33,7]	159473	61052200	9193	438	6519	2236	2231760	13228000	5850000	438	2860	2231760	2236	11700000	13228000	4621	1194	485	178	41	4621000	3582000	2425000	1780000	820000	321	100	17	1605	1000	255	1086640	991760	153360	1109	548	305	144	59	71	1109000	1096000	915000	720000	590000	1420000	397184	5	35	1289	6325	5788	5773	41189	70992	21420	0	400000	350000	5156000	12650000	5788000	3463800	16475600	14198400	2570400	0	0	0	0	
560000	99971822280	25	8	200	1	0	162377	112000000	83822280	0.2899589285714286	0.7484132142857143	[21,28,9,40,38]	162377	62120800	9356	446	6632	2278	2255480	13449000	5997000	446	2905	2255480	2278	11994000	13449000	4698	1217	496	180	41	4698000	3651000	2480000	1800000	820000	328	101	17	1640	1010	255	1104760	997360	153360	1125	565	309	145	59	75	1125000	1130000	927000	725000	590000	1500000	404399	5	35	1304	6440	5883	5886	41979	72254	21815	0	400000	350000	5216000	12880000	5883000	3531600	16791600	14450800	2617800	0	0	0	0	
570000	99971286800	25	8	200	1	0	165278	114000000	85286800	0.2899614035087719	0.7481298245614035	[11,34,29,36,9]	165278	63241920	9515	454	6747	2314	2278880	13694000	6072000	454	2955	2278880	2314	12144000	13694000	4774	1245	503	183	42	4774000	3735000	2515000	1830000	840000	334	103	17	1670	1030	255	1121760	1003760	153360	1140	576	315	149	59	75	1140000	1152000	945000	745000	590000	1500000	411611	5	35	1323	6575	5985	6006	42723	73546	22191	0	400000	350000	5292000	13150000	5985000	3603600	17089200	14709200	2662920	0	0	0	0	
580000	99970750040	25	8	200	1	200	168167	116000000	86750040	0.28994310344827584	0.7478451724137931	[45,1,18,6,44]	168167	64283520	9689	462	6865	2362	2310520	13961000	6195000	462	3000	2310520	2362	12390000	13961000	4850	1272	513	187	43	4850000	3816000	2565000	1870000	860000	341	104	17	1705	1040	255	1147480	1009680	153360	1165	585	325	151	59	77	1165000	1170000	975000	755000	590000	1540000	418842	5	35	1337	6686	6081	6106	43473	74844	22591	0	400000	350000	5348000	13372000	6081000	3663600	17389200	14968800	2710920	0	0	0	0	
590000	99970340720	25	8	200	1	120	171092	118000000	88340720	0.2899864406779661	0.7486501694915254	[26,20,17,22,13]	171092	65460360	9885	470	6992	2423	2354360	14179000	6347000	470	3060	2354360	2423	12694000	14179000	4947	1294	518	190	43	4947000	3882000	2590000	1900000	860000	346	106	18	1730	1060	270	1162400	1021800	170160	1193	597	340	154	61	78	1193000	1194000	1020000	770000	610000	1560000	426057	6	35	1361	6802	6178	6206	44232	76165	22958	0	480000	350000	5444000	13604000	6178000	3723600	17692800	15233000	2754960	0	0	0	0	
600000	99969768040	25	8	200	1	200	174017	120000000	89768040	0.29002833333333333	0.748067	[40,12,44,31,14]	174017	66522800	10036	479	7100	2457	2387240	14385000	6473000	479	3125	2387240	2457	12946000	14385000	5020	1320	525	192	43	5020000	3960000	2625000	1920000	860000	351	110	18	1755	1100	270	1174000	1043080	170160	1209	602	345	159	61	81	1209000	1204000	1035000	795000	610000	1620000	433248	6	35	1383	6893	6301	6304	44973	77492	23365	0	480000	350000	5532000	13786000	6301000	3782400	17989200	15498400	2803800	0	0	0	0	
610000	99969225320	25	8	200	1	0	176898	122000000	91225320	0.2899967213114754	0.7477485245901639	[17,3,33,29,22]	176898	67583680	10192	491	7201	2500	2414640	14598000	6629000	491	3190	2414640	2500	13258000	14598000	5085	1346	533	193	44	5085000	4038000	2665000	1930000	880000	362	111	18	1810	1110	270	1195400	1049080	170160	1226	612	353	162	63	84	1226000	1224000	1059000	810000	630000	1680000	440480	6	35	1403	6983	6440	6403	45709	78817	23724	0	480000	350000	5612000	13966000	6440000	3841800	18283600	15763400	2846880	0	0	0	0	
620000	99968678800	25	8	200	1	400	179733	124000000	92678800	0.289891935483871	0.7474096774193548	[5,46,31,40,44]	179733	68690320	10350	504	7305	2541	2459480	14801000	6728000	504	3280	2459480	2541	13456000	14801000	5159	1364	542	196	44	5159000	4092000	2710000	1960000	880000	370	116	18	1850	1160	270	1215160	1074160	170160	1243	625	360	163	66	84	1243000	1250000	1080000	815000	660000	1680000	447760	6	36	1422	7117	6551	6499	46429	80059	24121	0	480000	360000	5688000	14234000	6551000	3899400	18571600	16011800	2894520	0	0	0	0	
630000	99968139640	25	8	200	1	400	182597	126000000	94139640	0.28983650793650795	0.74714	[41,28,33,15,35]	182597	69739160	10512	516	7422	2574	2507480	15049000	6844000	516	3345	2507480	2574	13688000	15049000	5243	1382	552	200	45	5243000	4146000	2760000	2000000	900000	381	117	18	1905	1170	270	1254960	1082360	170160	1253	637	364	167	67	86	1253000	1274000	1092000	835000	670000	1720000	455017	6	36	1437	7231	6659	6597	47144	81370	24503	0	480000	360000	5748000	14462000	6659000	3958200	18857600	16274000	2940360	0	0	0	0	
640000	99967649360	25	8	200	1	0	185542	128000000	95649360	0.289909375	0.747260625	[19,24,47,4,28]	185542	70877040	10691	524	7560	2607	2535320	15314000	6923000	524	3400	2535320	2607	13846000	15314000	5338	1412	562	203	45	5338000	4236000	2810000	2030000	900000	387	118	19	1935	1180	285	1271680	1088360	175280	1273	643	368	168	68	87	1273000	1286000	1104000	840000	680000	1740000	462216	6	37	1462	7347	6781	6714	47900	82640	24897	0	480000	370000	5848000	14694000	6781000	4028400	19160000	16528000	2987640	0	0	0	0	
650000	99967232080	25	8	200	1	0	188477	130000000	97232080	0.2899646153846154	0.7479390769230769	[12,31,25,36,8]	188477	72029040	10869	532	7686	2651	2569040	15619000	7015000	532	3450	2569040	2651	14030000	15619000	5420	1438	573	208	47	5420000	4314000	2865000	2080000	940000	393	120	19	1965	1200	285	1292600	1101160	175280	1299	650	377	169	68	88	1299000	1300000	1131000	845000	680000	1760000	469412	6	40	1488	7459	6897	6846	48633	83937	25282	0	480000	400000	5952000	14918000	6897000	4107600	19453200	16787400	3033840	0	0	0	0	
660000	99966706080	25	8	200	1	0	191468	132000000	98706080	0.2901030303030303	0.7477733333333333	[49,48,24,30,43]	191468	73171760	11023	540	7791	2692	2583320	15822000	7129000	540	3500	2583320	2692	14258000	15822000	5494	1456	584	210	47	5494000	4368000	2920000	2100000	940000	399	122	19	1995	1220	285	1300160	1107880	175280	1318	659	386	171	68	90	1318000	1318000	1158000	855000	680000	1800000	476531	6	42	1514	7560	7010	6962	49437	85265	25673	0	480000	420000	6056000	15120000	7010000	4177200	19774800	17053000	3080760	0	0	0	0	
670000	99966120600	25	8	200	1	0	194336	134000000	100120600	0.2900537313432836	0.7471686567164179	[24,49,46,4,38]	194336	74248760	11201	546	7920	2735	2593840	16054000	7224000	546	3535	2593840	2735	14448000	16054000	5583	1487	592	211	47	5583000	4461000	2960000	2110000	940000	404	123	19	2020	1230	285	1305480	1113080	175280	1339	672	392	173	68	91	1339000	1344000	1176000	865000	680000	1820000	483796	6	44	1537	7656	7116	7062	50218	86507	26058	0	480000	440000	6148000	15312000	7116000	4237200	20087200	17301400	3126960	0	0	0	0	
680000	99965697560	25	8	200	1	400	197371	136000000	101697560	0.2902514705882353	0.7477761764705882	[10,23,49,39,45]	197371	75426480	11352	554	8017	2781	2629080	16283000	7359000	554	3575	2629080	2781	14718000	16283000	5647	1507	601	213	49	5647000	4521000	3005000	2130000	980000	412	123	19	2060	1230	285	1340720	1113080	175280	1365	678	401	175	68	94	1365000	1356000	1203000	875000	680000	1880000	490877	6	44	1562	7797	7218	7157	51000	87895	26444	0	480000	440000	6248000	15594000	7218000	4294200	20400000	17579000	3173280	0	0	0	0	
690000	99965128640	25	8	200	1	0	200273	138000000	103128640	0.29025072463768115	0.7473089855072463	[39,22,16,28,49]	200273	76499600	11535	564	8150	2821	2665040	16512000	7452000	564	3635	2665040	2821	14904000	16512000	5746	1532	608	215	49	5746000	4596000	3040000	2150000	980000	420	125	19	2100	1250	285	1366560	1123200	175280	1386	687	409	175	69	95	1386000	1374000	1227000	875000	690000	1900000	498110	6	46	1579	7895	7324	7289	51752	89194	26805	0	480000	460000	6316000	15790000	7324000	4373400	20700800	17838800	3216600	0	0	0	0	
700000	99964703720	25	8	200	1	0	203203	140000000	104703720	0.29029	0.7478837142857143	[7,37,47,3,34]	203203	77609560	11704	569	8267	2868	2757160	16778000	7559000	569	3660	2757160	2868	15118000	16778000	5827	1552	617	221	50	5827000	4656000	3085000	2210000	1000000	425	125	19	2125	1250	285	1458680	1123200	175280	1411	699	415	177	70	96	1411000	1398000	1245000	885000	700000	1920000	505303	6	48	1603	7999	7443	7389	52490	90511	27208	0	480000	480000	6412000	15998000	7443000	4433400	20996000	18102200	3264960	0	0	0	0	
710000	99964183840	25	8	200	1	200	206157	142000000	106183840	0.29036197183098594	0.7477735211267605	[4,21,30,23,36]	206157	78718880	11865	578	8385	2902	2793960	17035000	7636000	578	3710	2793960	2902	15272000	17035000	5914	1572	621	226	52	5914000	4716000	3105000	2260000	1040000	433	126	19	2165	1260	285	1491080	1127600	175280	1429	709	418	179	70	97	1429000	1418000	1254000	895000	700000	1940000	512466	6	48	1622	8117	7557	7504	53257	91799	27624	0	480000	480000	6488000	16234000	7557000	4502400	21302800	18359800	3314880	0	0	0	0	
720000	99963580680	25	8	200	1	200	209093	144000000	107580680	0.2904069444444444	0.7470880555555556	[31,10,20,5,33]	209093	79804680	12004	587	8482	2935	2854000	17184000	7738000	587	3775	2854000	2935	15476000	17184000	5989	1590	625	226	52	5989000	4770000	3125000	2260000	1040000	439	128	20	2195	1280	300	1519200	1144120	190680	1441	719	423	182	72	98	1441000	1438000	1269000	910000	720000	1960000	519634	6	48	1646	8219	7671	7615	53964	93168	28029	0	480000	480000	6584000	16438000	7671000	4569000	21585600	18633600	3363480	0	0	0	0	
730000	99963033560	25	8	200	1	0	211927	146000000	109033560	0.2903109589041096	0.7468052054794521	[44,27,13,24,12]	211927	80892240	12163	599	8584	2980	2915320	17412000	7814000	599	3850	2915320	2980	15628000	17412000	6058	1608	636	229	53	6058000	4824000	3180000	2290000	1060000	448	131	20	2240	1310	300	1555520	1169120	190680	1466	732	428	184	72	98	1466000	1464000	1284000	920000	720000	1960000	526920	6	51	1664	8335	7766	7723	54708	94425	28402	0	480000	510000	6656000	16670000	7766000	4633800	21883200	18885000	3408240	0	0	0	0	
740000	99962490800	25	8	200	1	0	214843	148000000	110490800	0.2903283783783784	0.7465594594594595	[27,25,1,24,7]	214843	81952640	12333	608	8697	3028	2947160	17659000	7932000	608	3910	2947160	3028	15864000	17659000	6138	1627	644	234	54	6138000	4881000	3220000	2340000	1080000	454	134	20	2270	1340	300	1565920	1190560	190680	1490	744	433	189	73	99	1490000	1488000	1299000	945000	730000	1980000	534117	6	52	1688	8424	7867	7816	55469	95764	28797	0	480000	520000	6752000	16848000	7867000	4689600	22187600	19152800	3455640	0	0	0	0	
750000	99962022160	25	8	200	1	0	217714	150000000	112022160	0.29028533333333334	0.7468144	[3,25,6,29,14]	217714	83044960	12508	614	8817	3077	2967200	17897000	8113000	614	3945	2967200	3077	16226000	17897000	6225	1644	656	238	54	6225000	4932000	3280000	2380000	1080000	459	135	20	2295	1350	300	1584560	1191960	190680	1508	758	438	195	76	102	1508000	1516000	1314000	975000	760000	2040000	541378	6	52	1711	8542	7976	7928	56197	97002	29208	0	480000	520000	6844000	17084000	7976000	4756800	22478800	19400400	3504960	0	0	0	0	
760000	99961480960	25	8	200	1	200	220601	152000000	113480960	0.29026447368421054	0.7465852631578948	[44,31,48,9,28]	220601	84132360	12661	620	8919	3122	2989600	18103000	8256000	620	3980	2989600	3122	16512000	18103000	6295	1666	662	242	54	6295000	4998000	3310000	2420000	1080000	464	136	20	2320	1360	300	1600760	1198160	190680	1525	775	442	197	79	104	1525000	1550000	1326000	985000	790000	2080000	548601	6	52	1734	8655	8078	8025	56959	98287	29603	0	480000	520000	6936000	17310000	8078000	4815000	22783600	19657400	3552360	0	0	0	0	
770000	99960941600	25	8	200	1	1000	223492	154000000	114941600	0.29024935064935065	0.746374025974026	[45,32,48,36,17]	223492	85249680	12825	626	9039	3160	3018920	18324000	8349000	626	4015	3018920	3160	16698000	18324000	6382	1689	669	245	54	6382000	5067000	3345000	2450000	1080000	469	137	20	2345	1370	300	1624160	1204080	190680	1544	786	446	199	80	105	1544000	1572000	1338000	995000	800000	2100000	555820	6	53	1756	8769	8195	8142	57718	99567	29974	0	480000	530000	7024000	17538000	8195000	4885200	23087200	19913400	3596880	0	0	0	0	
780000	99960485280	25	8	200	1	0	226399	156000000	116485280	0.2902551282051282	0.7467005128205129	[16,5,17,29,40]	226399	86360800	12994	639	9143	3212	3063480	18576000	8485000	639	4095	3063480	3212	16970000	18576000	6458	1706	674	247	58	6458000	5118000	3370000	2470000	1160000	479	140	20	2395	1400	300	1655400	1217400	190680	1570	799	454	201	81	107	1570000	1598000	1362000	1005000	810000	2140000	563034	6	53	1779	8893	8291	8272	58439	100888	30345	0	480000	530000	7116000	17786000	8291000	4963200	23375600	20177600	3641400	0	0	0	0	
790000	99959934120	25	8	200	1	0	229307	158000000	117934120	0.2902620253164557	0.7464184810126582	[35,22,42,28,14]	229307	87482640	13141	645	9243	3253	3097480	18784000	8570000	645	4130	3097480	3253	17140000	18784000	6522	1729	685	249	58	6522000	5187000	3425000	2490000	1160000	484	141	20	2420	1410	300	1682000	1224800	190680	1598	807	456	202	82	108	1598000	1614000	1368000	1010000	820000	2160000	570229	6	54	1799	9013	8403	8386	59209	102179	30722	0	480000	540000	7196000	18026000	8403000	5031600	23683600	20435800	3686640	0	0	0	0	
800000	99959493480	25	8	200	1	0	232247	160000000	119493480	0.29030875	0.74683425	[6,51,45,22,5]	232247	88637760	13292	655	9354	3283	3132720	19031000	8692000	655	4190	3132720	3283	17384000	19031000	6603	1746	692	253	60	6603000	5238000	3460000	2530000	1200000	492	143	20	2460	1430	300	1707720	1234320	190680	1614	812	458	204	84	111	1614000	1624000	1374000	1020000	840000	2220000	577393	6	54	1823	9136	8540	8485	59992	103468	31103	0	480000	540000	7292000	18272000	8540000	5091000	23996800	20693600	3732360	0	0	0	0	
810000	99959047720	25	8	200	1	0	235129	162000000	121047720	0.2902827160493827	0.7472081481481482	[36,30,18,4,25]	235129	89860080	13468	662	9487	3319	3167640	19259000	8761000	662	4240	3167640	3319	17522000	19259000	6705	1768	698	256	60	6705000	5304000	3490000	2560000	1200000	497	144	21	2485	1440	315	1729320	1242920	195400	1632	821	464	207	84	111	1632000	1642000	1392000	1035000	840000	2220000	584641	7	59	1851	9245	8641	8572	60763	104752	31469	0	560000	590000	7404000	18490000	8641000	5143200	24305200	20950400	3776280	0	0	0	0	
820000	99958486120	25	8	200	1	600	237975	164000000	122486120	0.29021341463414635	0.7468665853658537	[17,41,42,44,1]	237975	90990480	13624	667	9598	3359	3181640	19458000	8856000	667	4265	3181640	3359	17712000	19458000	6792	1782	704	260	60	6792000	5346000	3520000	2600000	1200000	502	144	21	2510	1440	315	1743320	1242920	195400	1656	828	468	210	85	112	1656000	1656000	1404000	1050000	850000	2240000	591913	7	60	1879	9373	8734	8681	61506	106023	31824	0	560000	600000	7516000	18746000	8734000	5208600	24602400	21204600	3818880	0	0	0	0	
830000	99958009560	25	8	200	1	0	240821	166000000	124009560	0.29014578313253014	0.7470455421686747	[47,45,49,23,38]	240821	92129080	13785	680	9699	3406	3234480	19660000	8986000	680	4350	3234480	3406	17972000	19660000	6862	1801	713	263	60	6862000	5403000	3565000	2630000	1200000	511	148	21	2555	1480	315	1767640	1271440	195400	1683	837	473	212	87	114	1683000	1674000	1419000	1060000	870000	2280000	599179	8	60	1900	9476	8844	8788	62242	107289	32214	0	640000	600000	7600000	18952000	8844000	5272800	24896800	21457800	3865680	0	0	0	0	
840000	99957370280	25	8	200	1	0	243665	168000000	125370280	0.29007738095238095	0.7462516666666666	[45,38,43,48,25]	243665	93200680	13932	687	9801	3444	3255600	19844000	9070000	687	4390	3255600	3444	18140000	19844000	6939	1820	717	264	61	6939000	5460000	3585000	2640000	1220000	517	149	21	2585	1490	315	1780360	1279840	195400	1702	846	477	217	88	114	1702000	1692000	1431000	1085000	880000	2280000	606435	8	60	1924	9588	8949	8883	62932	108632	32589	0	640000	600000	7696000	19176000	8949000	5329800	25172800	21726400	3910680	0	0	0	0	
850000	99956784960	25	8	200	1	0	246578	170000000	126784960	0.2900917647058823	0.7457938823529412	[49,35,29,36,47]	246578	94325640	14072	698	9900	3474	3304320	20033000	9122000	698	4460	3304320	3474	18244000	20033000	7009	1838	726	266	61	7009000	5514000	3630000	2660000	1220000	525	152	21	2625	1520	315	1812080	1296840	195400	1717	856	481	218	88	114	1717000	1712000	1443000	1090000	880000	2280000	613629	8	60	1951	9710	9061	8992	63633	109969	32987	0	640000	600000	7804000	19420000	9061000	5395200	25453200	21993800	3958440	0	0	0	0	
860000	99956282200	25	8	200	1	0	249409	172000000	128282200	0.2900104651162791	0.7458267441860466	[34,25,2,38,17]	249409	95456480	14217	701	9999	3517	3323720	20234000	9268000	701	4480	3323720	3517	18536000	20234000	7080	1858	730	269	62	7080000	5574000	3650000	2690000	1240000	527	153	21	2635	1530	315	1821680	1306640	195400	1742	866	483	219	89	118	1742000	1732000	1449000	1095000	890000	2360000	620903	8	63	1982	9820	9156	9096	64392	111231	33349	0	640000	630000	7928000	19640000	9156000	5457600	25756800	22246200	4001880	0	0	0	0	
870000	99955724400	25	8	200	1	0	252270	174000000	129724400	0.2899655172413793	0.7455425287356322	[33,18,35,26,47]	252270	96523480	14378	710	10109	3559	3351920	20451000	9398000	710	4540	3351920	3559	18796000	20451000	7161	1875	739	271	63	7161000	5625000	3695000	2710000	1260000	533	156	21	2665	1560	315	1834520	1322000	195400	1763	874	489	222	91	120	1763000	1748000	1467000	1110000	910000	2400000	628159	8	63	2004	9925	9260	9206	65130	112531	33714	0	640000	630000	8016000	19850000	9260000	5523600	26052000	22506200	4045680	0	0	0	0	
880000	99955182760	25	8	200	1	0	255138	176000000	131182760	0.28992954545454547	0.7453565909090909	[46,22,24,20,23]	255138	97639440	14530	716	10224	3590	3374320	20703000	9466000	716	4570	3374320	3590	18932000	20703000	7243	1895	745	277	64	7243000	5685000	3725000	2770000	1280000	539	156	21	2695	1560	315	1856920	1322000	195400	1780	881	493	223	93	120	1780000	1762000	1479000	1115000	930000	2400000	635401	8	63	2031	10046	9366	9320	65849	113824	34092	0	640000	630000	8124000	20092000	9366000	5592000	26339600	22764800	4091040	0	0	0	0	
890000	99954704320	25	8	200	1	0	258085	178000000	132704320	0.2899831460674157	0.7455298876404495	[16,6,27,47,40]	258085	98787280	14713	728	10353	3632	3425040	20928000	9564000	728	4650	3425040	3632	19128000	20928000	7340	1916	754	279	64	7340000	5748000	3770000	2790000	1280000	548	158	22	2740	1580	330	1881120	1339720	204200	1807	889	498	223	93	122	1807000	1778000	1494000	1115000	930000	2440000	642577	8	64	2059	10161	9482	9445	66579	115171	34454	0	640000	640000	8236000	20322000	9482000	5667000	26631600	23034200	4134480	0	0	0	0	
900000	99954068880	25	8	200	1	0	260887	180000000	134068880	0.28987444444444443	0.7448271111111111	[41,19,29,47,20]	260887	99845120	14864	735	10462	3667	3444760	21135000	9644000	735	4690	3444760	3667	19288000	21135000	7418	1934	765	281	64	7418000	5802000	3825000	2810000	1280000	554	159	22	2770	1590	330	1893840	1346720	204200	1831	894	500	225	94	123	1831000	1788000	1500000	1125000	940000	2460000	649880	8	64	2085	10271	9576	9540	67286	116424	34866	0	640000	640000	8340000	20542000	9576000	5724000	26914400	23284800	4183920	0	0	0	0	
910000	99953431080	25	8	200	1	0	263698	182000000	135431080	0.289778021978022	0.7441268131868132	[38,42,12,45,18]	263698	100899000	15023	740	10579	3704	3460080	21353000	9719000	740	4720	3460080	3704	19438000	21353000	7502	1957	772	284	64	7502000	5871000	3860000	2840000	1280000	558	160	22	2790	1600	330	1904960	1350920	204200	1851	903	504	228	95	123	1851000	1806000	1512000	1140000	950000	2460000	657186	8	64	2103	10394	9673	9634	67984	117719	35235	0	640000	640000	8412000	20788000	9673000	5780400	27193600	23543800	4228200	0	0	0	0	
920000	99952966640	25	8	200	1	0	266558	184000000	136966640	0.28973695652173914	0.7443839130434783	[5,37,12,29,25]	266558	102044440	15194	747	10713	3734	3476200	21622000	9824000	747	4755	3476200	3734	19648000	21622000	7595	1984	781	289	64	7595000	5952000	3905000	2890000	1280000	565	160	22	2825	1600	330	1921080	1350920	204200	1864	912	507	229	97	125	1864000	1824000	1521000	1145000	970000	2500000	664450	8	65	2137	10510	9802	9722	68701	118978	35627	0	640000	650000	8548000	21020000	9802000	5833200	27480400	23795600	4275240	0	0	0	0	
930000	99952628360	25	8	200	1	1000	269482	186000000	138628360	0.28976559139784946	0.7453137634408602	[4,40,5,1,9]	269482	103136400	15392	757	10854	3781	3615960	21917000	9959000	757	4840	3615960	3781	19918000	21917000	7698	2008	791	290	67	7698000	6024000	3955000	2900000	1340000	569	165	23	2845	1650	345	1931080	1393280	291600	1885	923	516	232	98	127	1885000	1846000	1548000	1160000	980000	2540000	671665	8	65	2167	10601	9913	9835	69470	120266	36010	0	640000	650000	8668000	21202000	9913000	5901000	27788000	24053200	4321200	0	0	0	0	
940000	99952071760	25	8	200	1	0	272315	188000000	140071760	0.2896968085106383	0.7450625531914894	[19,37,2,12,39]	272315	104232760	15541	768	10960	3813	3648000	22132000	10059000	768	4895	3648000	3813	20118000	22132000	7773	2028	799	292	68	7773000	6084000	3995000	2920000	1360000	580	165	23	2900	1650	345	1963120	1393280	291600	1904	928	518	235	99	129	1904000	1856000	1554000	1175000	990000	2580000	678939	8	65	2193	10724	10004	9940	70192	121572	36363	0	640000	650000	8772000	21448000	10004000	5964000	28076800	24314400	4363560	0	0	0	0	
950000	99951509800	25	8	200	1	0	275190	190000000	141509800	0.2896736842105263	0.7447884210526315	[29,20,40,5,19]	275190	105291280	15690	777	11064	3849	3683520	22363000	10172000	777	4960	3683520	3849	20344000	22363000	7847	2042	810	296	69	7847000	6126000	4050000	2960000	1380000	586	167	24	2930	1670	360	1981120	1403600	298800	1921	939	521	236	101	131	1921000	1878000	1563000	1180000	1010000	2620000	686186	8	66	2212	10836	10092	10031	70946	122844	36779	0	640000	660000	8848000	21672000	10092000	6018600	28378400	24568800	4413480	0	0	0	0	
960000	99950912600	25	8	200	1	0	278072	192000000	142912600	0.28965833333333335	0.7443364583333333	[45,3,5,40,0]	278072	106366440	15846	781	11170	3895	3695160	22570000	10281000	781	4980	3695160	3895	20562000	22570000	7922	2066	814	298	70	7922000	6198000	4070000	2980000	1400000	590	167	24	2950	1670	360	1992760	1403600	298800	1948	946	527	240	102	132	1948000	1892000	1581000	1200000	1020000	2640000	693421	8	67	2231	10944	10196	10139	71706	124101	37187	0	640000	670000	8924000	21888000	10196000	6083400	28682400	24820200	4462440	0	0	0	0	
970000	99950433520	25	8	200	1	1000	280974	194000000	144433520	0.2896639175257732	0.7445026804123711	[31,27,35,34,33]	280974	107504080	16007	793	11281	3933	3744440	22758000	10427000	793	5065	3744440	3933	20854000	22758000	8007	2082	823	299	70	8007000	6246000	4115000	2990000	1400000	598	170	25	2990	1700	375	2018600	1419920	305920	1969	952	528	244	105	135	1969000	1904000	1584000	1220000	1050000	2700000	700645	8	67	2262	11063	10309	10240	72449	125408	37549	0	640000	670000	9048000	22126000	10309000	6144000	28979600	25081600	4505880	0	0	0	0	
980000	99950036480	25	8	200	1	200	283809	196000000	146036480	0.28960102040816327	0.745084081632653	[45,13,8,19,26]	283809	108631200	16171	801	11400	3970	3780280	23016000	10609000	801	5115	3780280	3970	21218000	23016000	8085	2107	836	301	71	8085000	6321000	4180000	3010000	1420000	604	172	25	3020	1720	375	2041040	1433320	305920	1983	960	532	248	107	140	1983000	1920000	1596000	1240000	1070000	2800000	707932	8	68	2291	11196	10407	10310	73203	126635	37950	0	640000	680000	9164000	22392000	10407000	6186000	29281200	25327000	4554000	0	0	0	0	
990000	99949551200	25	8	200	1	120	286700	198000000	147551200	0.2895959595959596	0.7452080808080808	[15,17,31,13,39]	286700	109730880	16370	814	11540	4016	3848320	23278000	10694000	814	5210	3848320	4016	21388000	23278000	8185	2136	843	305	71	8185000	6408000	4215000	3050000	1420000	612	176	26	3060	1760	390	2067480	1466520	314320	2012	968	537	251	108	140	2012000	1936000	1611000	1255000	1080000	2800000	715184	8	68	2318	11317	10490	10409	73983	127869	38354	0	640000	680000	9272000	22634000	10490000	6245400	29593200	25573800	4602480	0	0	0	0	
1000000	99948941920	25	8	200	1	400	289565	200000000	148941920	0.289565	0.7447096	[19,11,3,32,6]	289565	110834280	16505	827	11627	4051	3901640	23418000	10788000	827	5295	3901640	4051	21576000	23418000	8253	2150	847	306	71	8253000	6450000	4235000	3060000	1420000	621	180	26	3105	1800	390	2097400	1489920	314320	2025	981	542	253	109	141	2025000	1962000	1626000	1265000	1090000	2820000	722412	8	69	2344	11427	10589	10509	74753	129150	38739	0	640000	690000	9376000	22854000	10589000	6305400	29901200	25830000	4648680	0	0	0	0	
1010000	99948570680	25	8	200	1	0	292453	202000000	150570680	0.28955742574257426	0.7453994059405941	[29,43,46,7,32]	292453	111958000	16698	843	11758	4097	3981680	23705000	10926000	843	5395	3981680	4097	21852000	23705000	8343	2174	858	311	72	8343000	6522000	4290000	3110000	1440000	634	182	27	3170	1820	405	2146320	1508520	326840	2042	997	550	254	111	143	2042000	1994000	1650000	1270000	1110000	2860000	729664	8	70	2366	11560	10688	10610	75502	130442	39090	0	640000	700000	9464000	23120000	10688000	6366000	30200800	26088400	4690800	0	0	0	0	
1020000	99947967960	25	8	200	1	0	295291	204000000	151967960	0.2895009803921569	0.7449409803921568	[15,26,34,9,43]	295291	113005480	16869	851	11877	4141	4014480	23940000	11008000	851	5435	4014480	4141	22016000	23940000	8432	2196	860	316	73	8432000	6588000	4300000	3160000	1460000	642	182	27	3210	1820	405	2179120	1508520	326840	2068	1004	559	255	112	143	2068000	2008000	1677000	1275000	1120000	2860000	736948	8	70	2376	11673	10809	10715	76270	131672	39459	0	640000	700000	9504000	23346000	10809000	6429000	30508000	26334400	4735080	0	0	0	0	
1030000	99947392480	25	8	200	1	0	298121	206000000	153392480	0.2894378640776699	0.7446236893203884	[14,27,3,19,13]	298121	114105480	17038	861	11991	4186	4051000	24118000	11118000	861	5495	4051000	4186	22236000	24118000	8519	2218	865	316	73	8519000	6654000	4325000	3160000	1460000	650	184	27	3250	1840	405	2204320	1519840	326840	2095	1016	562	255	113	145	2095000	2032000	1686000	1275000	1130000	2900000	744251	8	72	2393	11804	10913	10819	76985	132956	39799	0	640000	720000	9572000	23608000	10913000	6491400	30794000	26591200	4775880	0	0	0	0	
1040000	99946770680	25	8	200	1	0	300996	208000000	154770680	0.28941923076923076	0.7440898076923077	[37,8,42,45,31]	300996	115176560	17187	871	12090	4226	4096120	24303000	11195000	871	5560	4096120	4226	22390000	24303000	8593	2235	869	320	73	8593000	6705000	4345000	3200000	1460000	657	187	27	3285	1870	405	2230840	1538440	326840	2115	1027	567	259	113	145	2115000	2054000	1701000	1295000	1130000	2900000	751486	8	72	2412	11921	11017	10914	77725	134222	40223	0	640000	720000	9648000	23842000	11017000	6548400	31090000	26844400	4826760	0	0	0	0	
1050000	99946152040	25	8	200	1	2000	303867	210000000	156152040	0.28939714285714285	0.7435811428571428	[1,26,11,48,22]	303867	116245720	17347	875	12201	4271	4114320	24525000	11267000	875	5590	4114320	4271	22534000	24525000	8672	2256	877	322	74	8672000	6768000	4385000	3220000	1480000	659	189	27	3295	1890	405	2232840	1554640	326840	2143	1036	574	260	113	145	2143000	2072000	1722000	1300000	1130000	2900000	758730	8	72	2433	12024	11138	11008	78466	135525	40596	0	640000	720000	9732000	24048000	11138000	6604800	31386400	27105000	4871520	0	0	0	0	
1060000	99945641560	25	8	200	1	120	306682	212000000	157641560	0.289322641509434	0.7435922641509434	[13,51,4,0,9]	306682	117304320	17514	885	12316	4313	4229240	24736000	11372000	885	5655	4229240	4313	22744000	24736000	8753	2281	884	324	74	8753000	6843000	4420000	3240000	1480000	666	192	27	3330	1920	405	2330560	1571840	326840	2166	1047	579	261	113	147	2166000	2094000	1737000	1305000	1130000	2940000	766032	8	73	2454	12131	11250	11103	79158	136830	40961	0	640000	730000	9816000	24262000	11250000	6661800	31663200	27366000	4915320	0	0	0	0	
1070000	99945156360	25	8	200	1	0	309581	214000000	159156360	0.2893280373831776	0.743721308411215	[27,43,29,0,40]	309581	118387560	17687	890	12451	4346	4256800	25045000	11467000	890	5685	4256800	4346	22934000	25045000	8851	2303	891	329	77	8851000	6909000	4455000	3290000	1540000	670	193	27	3350	1930	405	2352400	1577560	326840	2185	1050	584	264	115	148	2185000	2100000	1752000	1320000	1150000	2960000	773266	8	75	2473	12242	11357	11197	79885	138159	41338	0	640000	750000	9892000	24484000	11357000	6718200	31954000	27631800	4960560	0	0	0	0	
1080000	99944691800	25	8	200	1	400	312473	216000000	160691800	0.28932685185185186	0.7439435185185185	[7,13,42,20,33]	312473	119519800	17845	895	12575	4375	4282000	25303000	11587000	895	5720	4282000	4375	23174000	25303000	8935	2331	899	332	78	8935000	6993000	4495000	3320000	1560000	673	195	27	3365	1950	405	2359800	1595360	326840	2195	1055	589	269	117	150	2195000	2110000	1767000	1345000	1170000	3000000	780488	8	76	2496	12377	11466	11297	80586	139481	41725	0	640000	760000	9984000	24754000	11466000	6778200	32234400	27896200	5007000	0	0	0	0	
1090000	99944107320	25	8	200	1	0	315382	218000000	162107320	0.28934128440366974	0.7436115596330275	[36,15,7,27,32]	315382	120571720	18023	900	12701	4422	4309600	25529000	11697000	900	5765	4309600	4422	23394000	25529000	9030	2353	906	333	79	9030000	7059000	4530000	3330000	1580000	675	197	28	3375	1970	420	2364400	1603960	341240	2218	1066	594	275	119	150	2218000	2132000	1782000	1375000	1190000	3000000	787701	8	76	2509	12489	11574	11395	81342	140765	42141	0	640000	760000	10036000	24978000	11574000	6837000	32536800	28153000	5056920	0	0	0	0	
1100000	99943678960	25	8	200	1	0	318205	220000000	163678960	0.2892772727272727	0.7439952727272727	[14,27,42,30,7]	318205	121695040	18194	906	12812	4476	4330920	25773000	11880000	906	5805	4330920	4476	23760000	25773000	9108	2375	910	339	80	9108000	7125000	4550000	3390000	1600000	679	199	28	3395	1990	420	2374120	1615560	341240	2246	1074	602	280	120	154	2246000	2148000	1806000	1400000	1200000	3080000	795007	9	77	2525	12598	11671	11494	82106	141971	42542	0	720000	770000	10100000	25196000	11671000	6896400	32842400	28394200	5105040	0	0	0	0	
1110000	99943237640	25	8	200	1	0	321110	222000000	165237640	0.2892882882882883	0.7443136936936937	[7,4,23,25,2]	321110	122798600	18363	916	12929	4518	4376040	26004000	12059000	916	5865	4376040	4518	24118000	26004000	9199	2390	915	344	81	9199000	7170000	4575000	3440000	1620000	687	201	28	3435	2010	420	2403840	1630960	341240	2264	1083	608	283	121	159	2264000	2166000	1824000	1415000	1210000	3180000	802225	9	79	2544	12725	11766	11589	82831	143287	42945	0	720000	790000	10176000	25450000	11766000	6953400	33132400	28657400	5153400	0	0	0	0	
1120000	99942794080	25	8	200	1	0	324041	224000000	166794080	0.28932232142857145	0.7446164285714286	[44,33,15,22,48]	324041	123895000	18542	924	13060	4558	4401080	26333000	12165000	924	5905	4401080	4558	24330000	26333000	9285	2416	924	352	83	9285000	7248000	4620000	3520000	1660000	695	201	28	3475	2010	420	2428880	1630960	341240	2289	1089	611	287	121	161	2289000	2178000	1833000	1435000	1210000	3220000	809425	9	79	2565	12841	11877	11675	83616	144563	43350	0	720000	790000	10260000	25682000	11877000	7005000	33446400	28912600	5202000	0	0	0	0	
1130000	99942292320	25	8	200	1	0	326949	226000000	168292320	0.28933539823008847	0.7446562831858408	[7,36,23,9,3]	326949	125018800	18709	930	13177	4602	4413520	26580000	12280000	930	5935	4413520	4602	24560000	26580000	9373	2434	931	353	86	9373000	7302000	4655000	3530000	1720000	701	201	28	3505	2010	420	2441320	1630960	341240	2312	1096	622	288	121	163	2312000	2192000	1866000	1440000	1210000	3260000	816632	9	79	2588	12961	12005	11767	84377	145862	43720	0	720000	790000	10352000	25922000	12005000	7060200	33750800	29172400	5246400	0	0	0	0	
1140000	99941738800	25	8	200	1	0	329871	228000000	169738800	0.28936052631578946	0.7444684210526316	[30,13,28,8,47]	329871	126116680	18865	935	13288	4642	4440120	26811000	12371000	935	5970	4440120	4642	24742000	26811000	9454	2454	935	358	87	9454000	7362000	4675000	3580000	1740000	704	203	28	3520	2030	420	2459320	1639560	341240	2335	1104	626	292	121	164	2335000	2208000	1878000	1460000	1210000	3280000	823820	9	79	2614	13072	12104	11876	85115	147172	44139	0	720000	790000	10456000	26144000	12104000	7125600	34046000	29434400	5296680	0	0	0	0	
1150000	99941208760	25	8	200	1	0	332723	230000000	171208760	0.28932434782608696	0.7443859130434782	[51,26,38,18,7]	332723	127162000	19031	947	13401	4683	4488760	27047000	12511000	947	6045	4488760	4683	25022000	27047000	9532	2475	944	363	87	9532000	7425000	4720000	3630000	1740000	713	206	28	3565	2060	420	2488040	1659480	341240	2358	1111	632	293	121	168	2358000	2222000	1896000	1465000	1210000	3360000	831087	9	79	2631	13184	12193	11969	85890	148433	44525	0	720000	790000	10524000	26368000	12193000	7181400	34356000	29686600	5343000	0	0	0	0	
1160000	99940733680	25	8	200	1	0	335606	232000000	172733680	0.2893155172413793	0.7445417241379311	[33,30,43,19,28]	335606	128276320	19200	950	13514	4736	4495360	27327000	12635000	950	6065	4495360	4736	25270000	27327000	9610	2494	955	364	91	9610000	7482000	4775000	3640000	1820000	715	207	28	3575	2070	420	2491440	1662680	341240	2386	1125	638	295	123	169	2386000	2250000	1914000	1475000	1230000	3380000	838322	9	82	2655	13302	12295	12064	86594	149751	44926	0	720000	820000	10620000	26604000	12295000	7238400	34637600	29950200	5391120	0	0	0	0	
1170000	99940237640	25	8	200	1	0	338506	234000000	174237640	0.2893213675213675	0.7446052991452992	[43,29,15,19,8]	338506	129397680	19367	954	13634	4779	4508960	27569000	12762000	954	6085	4508960	4779	25524000	27569000	9703	2507	963	369	92	9703000	7521000	4815000	3690000	1840000	719	207	28	3595	2070	420	2505040	1662680	341240	2409	1133	644	297	125	171	2409000	2266000	1932000	1485000	1250000	3420000	845537	9	83	2681	13424	12391	12174	87332	151040	45329	0	720000	830000	10724000	26848000	12391000	7304400	34932800	30208000	5439480	0	0	0	0	
1180000	99939793280	25	8	200	1	200	341475	236000000	175793280	0.28938559322033897	0.7448867796610169	[39,8,34,7,26]	341475	130616360	19518	962	13732	4824	4544920	27745000	12887000	962	6140	4544920	4824	25774000	27745000	9774	2527	968	371	92	9774000	7581000	4840000	3710000	1840000	724	210	28	3620	2100	420	2524760	1678920	341240	2429	1147	648	302	125	173	2429000	2294000	1944000	1510000	1250000	3460000	852680	9	87	2704	13561	12525	12295	88080	152341	45718	0	720000	870000	10816000	27122000	12525000	7377000	35232000	30468200	5486160	0	0	0	0	
1190000	99939257560	25	8	200	1	0	344390	238000000	177257560	0.2894033613445378	0.7447796638655462	[41,29,33,34,8]	344390	131765640	19667	969	13835	4863	4570920	27924000	12997000	969	6180	4570920	4863	25994000	27924000	9849	2545	978	371	92	9849000	7635000	4890000	3710000	1840000	730	211	28	3650	2110	420	2538960	1690720	341240	2447	1155	655	305	127	174	2447000	2310000	1965000	1525000	1270000	3480000	859869	9	87	2735	13683	12638	12402	88812	153673	46092	0	720000	870000	10940000	27366000	12638000	7441200	35524800	30734600	5531040	0	0	0	0	
1200000	99938796960	25	8	200	1	0	347290	240000000	178796960	0.2894083333333333	0.7449873333333333	[30,21,8,22,6]	347290	132895840	19832	977	13945	4910	4591120	28185000	13125000	977	6225	4591120	4910	26250000	28185000	9925	2565	983	379	93	9925000	7695000	4915000	3790000	1860000	737	212	28	3685	2120	420	2552160	1697720	341240	2471	1167	660	308	128	176	2471000	2334000	1980000	1540000	1280000	3520000	867090	9	89	2758	13793	12775	12512	89547	154945	46482	0	720000	890000	11032000	27586000	12775000	7507200	35818800	30989000	5577840	0	0	0	0	
1210000	99938414400	25	8	200	1	400	350233	242000000	180414400	0.28944876033057854	0.7455140495867768	[22,48,28,9,16]	350233	134123480	20001	983	14065	4953	4626920	28432000	13232000	983	6265	4626920	4953	26464000	28432000	10013	2583	992	383	94	10013000	7749000	4960000	3830000	1880000	741	214	28	3705	2140	420	2568160	1717520	341240	2493	1177	665	312	129	177	2493000	2354000	1995000	1560000	1290000	3540000	874269	10	91	2775	13923	12902	12617	90327	156177	46909	0	800000	910000	11100000	27846000	12902000	7570200	36130800	31235400	5629080	0	0	0	0	
1220000	99937939240	25	8	200	1	0	353224	244000000	181939240	0.289527868852459	0.7456526229508197	[41,35,46,19,51]	353224	135248640	20172	991	14181	5000	4657600	28663000	13370000	991	6325	4657600	5000	26740000	28663000	10093	2605	1003	386	94	10093000	7815000	5015000	3860000	1880000	745	218	28	3725	2180	420	2583920	1732440	341240	2515	1188	673	314	131	179	2515000	2376000	2019000	1570000	1310000	3580000	881404	10	92	2797	14035	13004	12738	91120	157498	47302	0	800000	920000	11188000	28070000	13004000	7642800	36448000	31499600	5676240	0	0	0	0	
1230000	99937424640	25	8	200	1	0	356143	246000000	183424640	0.2895471544715447	0.7456286178861788	[14,13,11,51,33]	356143	136335600	20347	998	14307	5042	4691040	28925000	13473000	998	6380	4691040	5042	26946000	28925000	10186	2623	1014	388	96	10186000	7869000	5070000	3880000	1920000	749	220	29	3745	2200	435	2597120	1747640	346280	2535	1204	675	315	133	180	2535000	2408000	2025000	1575000	1330000	3600000	888611	10	92	2817	14158	13098	12854	91830	158820	47710	0	800000	920000	11268000	28316000	13098000	7712400	36732000	31764000	5725200	0	0	0	0	
